5928
2331
10455
3128
3409
3167
8162
15
11678
9135
11693
10504
1195
8635
1294
13974
6714
15134
9187
15149
3440
6804
12851
15080
1621
7348
12959
4265
485
3952
10187
2817
9096
5339
7667
6197
5348
3271
5934
6374
14151
1137
12619
13205
10439
9211
7646
2973
13834
13805
6230
7058
14312
6969
11709
14587
12105
12989
1543
14486
9023
5517
8791
9271
8524
3997
9407
202
5731
5589
1689
2142
12891
2926
4326
7265
741
10378
11095
6706
2468
7256
6004
6381
675
8024
8365
7690
3743
11576
7599
15065
4937
3394
6789
10218
1868
2306
14348
9676
6961
8228
13361
13462
7718
1378
8983
818
6401
8571
38
11403
11081
13052
13626
2149
11263
7884
8214
14798
5076
10026
6669
2079
7969
2527
9220
3356
14356
3407
8833
14986
13779
177
11231
2226
10750
169
4070
5685
8125
12404
2725
5849
1761
95
2451
556
14478
3735
9545
8475
15103
4883
5282
6618
3596
10241
13856
9007
8598
4862
12742
4514
1025
9234
12480
3751
12369
2322
13500
2555
8516
4130
14326
4507
11785
1681
3572
5374
13566
11315
9015
403
9151
2444
8989
5714
5842
14871
14908
13113
1698
7454
9530
10071
4005
1938
7773
1286
9104
5991
6875
4217
13557
12613
11126
8079
7478
11066
10861
9445
2902
8407
12695
7089
8055
12679
11248
138
13228
10951
9814
8009
10926
10604
7593
9582
11491
7730
10272
4564
10919
10767
5069
8502
12634
10966
11831
6291
1901
7500
11308
9391
15088
10040
3924
8768
14012
12200
14104
14402
8317
871
5669
11292
10145
9715
11535
3007
10759
395
12073
1356
1876
2125
12116
9051
10911
5166
6063
9414
1426
8372
13384
3549
5392
3805
13603
12238
3515
161
3378
12081
13885
3324
3408
4182
7772
4195
5287
14572
9925
2491
9553
6283
1785
12665
12527
11150
11622
9683
8807
14096
9538
546
4929
2849
962
4365
11568
13097
9999
6861
5942
5518
7431
14454
7654
14689
10418
12414
886
14179
5295
3279
592
9494
12882
9461
6359
10386
1046
11979
14525
13672
11452
11483
13551
780
9738
5692
102
7961
9254
7939
6625
7127
1395
10195
52
7379
3528
6239
9453
11967
9691
2340
7219
9422
10666
418
4995
9329
6423
7197
7908
12951
11879
12672
1340
7931
13530
11024
1130
667
8826
4448
58
9261
3974
795
6237
1823
9399
10166
3015
9437
15018
132
1370
153
8910
5999
4792
3580
15096
5332
14305
6561
3911
9352
12981
4393
4970
8532
4062
493
6184
10978
1085
11960
3056
13275
13611
9501
6722
372
13250
5053
13940
748
4122
11910
6092
3659
4758
8745
12286
5084
12430
12795
10056
14811
74
12385
6677
13948
321
11520
3636
11974
10558
4409
5234
5567
10612
5262
8595
6896
6665
4240
8414
1218
10225
10064
13214
14925
7717
5956
6567
13030
30
12310
14156
7289
1179
1660
11987
10904
2024
9755
8310
3564
13039
14365
6108
9246
12437
7737
7540
3386
6918
9762
87
2562
8841
5254
14702
4049
12377
4280
14791
6553
15224
2437
289
4175
10033
14494
9172
425
1573
3309
11816
14245
7588
13410
11436
4869
11103
1893
6100
1953
6737
3191
6394
10158
2178
6034
4288
3960
7832
11764
13354
9991
2642
2016
2000
2408
2064
2942
9269
6012
1961
14448
10726
3120
8038
624
10832
12520
9508
14763
11591
5436
9516
1017
7103
14259
9955
10958
13089
8540
8379
13771
5810
7188
11240
2234
5560
11165
8116
14805
10077
4272
12724
14063
12444
864
946
4743
2250
787
4082
1496
1909
118
4488
4773
13430
15240
5801
14778
8047
6343
8167
10635
1559
2621
15119
12589
9983
9917
11686
10250
7462
4556
9127
4950
9567
2008
12865
4623
9903
12473
12231
11598
11133
1506
3002
4457
10774
2314
4721
12605
2808
14532
8190
5107
12391
14387
245
6329
4891
10402
9336
4303
5603
14470
11862
879
1240
15043
4257
6351
14826
13998
9829
12551
6212
3332
1270
267
1156
10319
2741
3673
2629
8969
275
2283
5873
4055
14379
6436
6835
8031
231
7892
1264
12332
2356
14630
12506
14917
12397
12192
4167
4595
4549
12457
11351
1582
14072
10972
900
5865
11497
14812
11777
1039
5949
7385
10535
3652
1590
11931
9947
9637
9706
6781
9143
1658
14548
1604
11757
10129
7439
2717
8776
4617
6602
7211
23
14026
1310
11916
1746
8436
5270
4707
14410
1849
15010
660
5762
5152
6115
12755
10573
15192
11142
7400
6017
13182
9660
10356
9228
4751
11206
4662
477
7622
11000
3159
7719
1463
9975
7810
7325
8094
1800
6992
14510
3919
1278
9909
11474
600
9871
15002
14041
3152
14857
13819
223
6458
5653
7281
764
13581
10935
1210
14048
3399
8690
5421
2801
11793
5366
14756
14195
5547
8349
11466
3759
6415
10992
6744
4669
7494
14126
13084
5785
11032
14696
1187
6407
13726
755
3032
11871
499
15073
12843
4638
12053
7954
4787
5240
14580
13487
8738
455
10596
14291
14440
14055
4495
2047
507
3667
6275
5478
1054
10581
11584
5872
6834
12177
7703
5277
8494
9164
12812
6773
3199
7946
14941
3604
13957
8235
2670
6985
11223
2072
1505
2218
10718
13438
13664
9057
1777
1831
3506
5907
2094
970
3223
12032
13634
6932
12061
2733
4379
9293
11952
7803
14662
7508
4913
6977
8886
2394
1099
9270
8902
2966
2298
9933
4655
11284
3316
9321
11560
11427
10350
14841
5977
6307
8579
1070
847
1984
2402
2109
6752
46
10620
11382
2787
10839
4233
11008
2710
9879
5554
13479
10114
8016
7831
6581
13588
9430
8294
3904
10264
7977
6443
4225
584
0
809
5595
15171
1317
8063
8302
515
9285
5463
524
834
14742
11088
13924
1455
8138
6155
3936
6912
15163
10651
4699
7173
14972
13686
8878
10883
12097
5516
9359
4781
4138
10204
1504
1418
2348
15184
978
682
5739
2880
12907
12131
5963
7119
923
2056
8667
1488
5061
7423
10424
1442
2994
3144
9383
8812
7711
7356
5317
11552
14616
13346
11994
6699
8146
7870
2605
4465
8799
4386
6429
5213
7081
353
14202
250
8931
826
3215
6299
1769
14865
2635
8206
5190
5834
238
411
6882
10181
3836
1009
8643
6760
11614
9072
66
3247
12914
994
4425
3432
7786
7065
4987
12045
14298
8627
4684
1885
4521
12222
3463
10866
14886
283
11855
5359
2895
2371
5452
13316
2598
6953
14231
7181
6633
12873
13369
6575
13135
12771
10288
6642
13215
6171
10520
10085
9836
10233
4358
6472
8286
433
9590
5038
12318
5625
12302
5777
4527
10543
12132
5383
9622
15232
4311
6049
456
7877
12451
13522
6586
7446
11528
10326
14540
8605
7
9195
7312
8819
5661
2987
12899
1535
6797
3441
7524
13197
5099
13680
2872
15178
4295
7023
14432
9855
6810
9614
7985
3207
13764
4433
3023
1172
13424
7630
15255
2499
2276
6367
9203
13330
13956
8385
12185
297
2459
9963
929
937
2422
13907
4417
4979
8263
7696
3300
6488
14034
6641
14164
10782
8342
11839
2702
555
12975
1629
3797
14118
12324
4203
5769
449
9843
13235
8467
2958
4609
14134
10528
4034
4161
10122
9970
1480
329
6224
1164
8123
2512
4800
1930
6656
10496
5143
13798
1753
14210
14405
12025
9887
11276
12280
10680
358
185
1922
12687
12996
2534
12740
6640
2186
10874
10370
7580
3112
10943
1151
3851
5633
5003
8676
10211
14425
1248
2476
13792
5009
6055
7165
5106
3775
8326
9079
2833
3784
10107
13990
2117
8976
10811
380
2170
2764
10742
12581
13982
8251
10695
3286
12364
2756
15026
6826
5794
11460
6532
4522
12650
11615
14027
5520
1249
10174
14411
8746
2417
5004
11437
1613
2485
12333
14196
2357
12178
2772
955
13403
14299
4117
3645
8258
12370
1326
5582
1661
2219
10196
3073
11544
11183
1196
995
4094
6178
1152
2409
1877
5160
11025
11396
6745
6897
13692
3937
2126
8827
2718
7986
5700
14007
3913
3536
1265
6548
11872
4639
2614
12521
9302
13431
11134
13090
10379
139
12536
7074
14213
10138
2087
14792
9272
3507
2757
7228
14433
9964
1931
12026
9756
10092
7863
14639
11233
3341
3105
9631
10015
1643
133
8963
1188
5921
4296
2734
4515
2959
306
11224
14772
15157
5144
1357
2048
4319
6643
11925
706
6172
1411
15128
8056
4832
2810
6101
1157
3558
1257
13865
5429
9808
8613
14987
6670
5375
11631
5568
8335
5876
3113
4848
10468
11856
963
1770
14135
8621
10544
8954
14518
11345
5333
252
6986
1635
10681
12392
2307
11663
3433
3882
11655
3081
938
3674
3905
11428
2025
9128
9699
4162
13218
82
14541
13206
2795
6576
10440
11404
2802
12466
6382
13604
14533
6005
9844
7697
7432
4266
434
930
8668
13167
12772
13217
9159
2607
4426
2395
2788
1747
6064
67
2881
5670
14718
10536
6524
11484
6516
15164
8503
12423
10072
13292
4610
9495
7447
6213
8222
10719
13552
7144
9591
13309
12274
12543
803
4387
5183
14373
11953
14097
947
4876
2195
4782
9849
10100
11001
11216
330
2118
4449
11903
5311
3581
10660
4550
6368
12120
5241
5122
4147
47
11995
14799
13015
7104
6562
7541
1902
6480
773
13501
7893
10529
9204
2967
1173
13627
1575
13339
8708
494
10944
3668
6753
1508
15051
11009
6219
8903
8792
5519
2187
11159
13772
2578
8850
3456
5453
8358
14557
219
5827
2080
5611
3208
8343
6050
162
13708
12507
10905
459
9045
12900
1552
3379
6819
4774
11569
5017
7623
13933
10505
3424
6626
10727
6198
12357
5843
13425
1211
8252
9561
4190
11337
5626
5136
8207
13488
13545
13143
6715
13750
2842
11529
2227
6939
12341
2981
2687
6140
13259
5858
10833
5278
13734
1574
3637
5070
2563
5296
6330
7152
8691
11773
8380
4766
3897
10559
12590
12136
585
6836
10251
1715
3400
10751
14858
13183
12046
12858
11120
268
3543
9337
6314
8588
9934
76
3844
1055
4211
9872
11623
11143
7661
1707
8476
15225
322
1311
9716
3033
2001
3256
4077
5340
8328
9650
1778
14981
11726
7871
2521
14381
9384
4855
865
15019
15193
11988
6344
5025
12696
15250
12287
7557
15185
14814
4418
6954
7298
1801
3444
14745
13908
8421
2323
8873
14042
12756
2809
13159
9008
1568
14926
9438
9415
3728
7901
11309
1977
4528
15011
15216
8117
5399
11553
14292
14703
10927
13574
12892
5957
6700
2102
9274
14157
12452
9376
8408
10613
2528
6947
12295
8481
13419
3776
10188
6018
6790
1894
2656
9976
13061
4508
11778
2780
14631
14013
2110
3798
10818
251
3232
3482
11207
7326
13531
6612
15081
14064
338
2796
14595
3003
15059
10197
12598
7804
12828
1451
558
9739
4304
625
2858
2460
4884
7970
4737
9247
14260
11932
4996
1388
12710
14835
4952
4840
2703
4954
3089
8236
9895
9089
9918
4656
713
4801
7251
389
11521
12325
4809
1663
11506
1520
14757
5227
1739
576
2500
9016
8488
3445
14565
5235
4619
7753
13023
9322
12208
8215
11412
1946
2065
633
5487
8350
4618
12673
1363
1443
7366
9180
2469
6156
14172
7032
7024
13793
8660
232
7096
5929
6260
6071
12998
13673
2430
4788
12836
1464
9408
10696
13115
14746
9984
6444
1379
2364
11786
7704
8271
8556
6782
6919
4489
6078
3349
12171
1100
1850
12054
9692
10205
2009
1598
3597
1018
14779
9837
788
396
2179
10335
9992
13658
9888
9615
6554
1786
9392
12082
11127
2648
827
7282
10305
8769
609
10597
3387
9030
7258
13106
14252
3016
4943
4196
11896
11498
12134
9400
14681
14143
14581
3184
2017
11800
11975
7380
10703
13857
2372
1630
9097
10928
2299
11420
2380
6284
2951
12944
13722
9066
11808
15256
1165
3200
4824
4241
3912
11710
9188
13612
7306
15172
12658
5393
13053
7565
478
10840
13054
1227
5093
11059
4708
6027
9815
10027
5509
3806
1396
13842
10590
12936
6225
8596
5723
8163
568
8599
14663
2235
3412
10049
593
8126
4250
2995
12788
10582
6085
2134
3714
15201
4870
1040
10521
3411
3983
11536
7691
3791
1723
13828
532
9144
2749
8858
7712
1241
13362
4035
6798
3443
908
14455
11968
6116
14327
13958
9830
835
4670
14495
9486
14479
1489
458
10768
15066
8895
4139
13960
4327
3333
5786
2671
14588
3830
13472
12688
14934
5479
4588
6619
2935
8128
14081
419
239
880
5678
10574
6761
12620
10497
3998
8318
13780
8
11911
5634
8754
11104
13494
2919
10825
5935
5893
5077
3491
5778
12074
7787
4380
10419
7675
3930
8762
9771
7463
7940
13787
6109
12438
12163
6402
13523
8842
10605
15142
5662
12474
11492
734
4204
10357
6459
11241
7052
14188
3034
4647
10775
3145
8039
4027
5062
11840
6495
5548
8628
14800
7334
3706
14388
12062
13900
11043
4730
4722
11445
10552
7393
12764
10327
12406
7777
412
1651
13872
11599
4632
5747
2664
1509
6768
5950
7305
10490
1886
14734
12743
5304
8443
6251
5908
5255
11794
11888
2270
2593
5654
1497
924
2911
6352
727
8865
426
7212
6827
10482
8127
6179
14610
8040
12148
103
3008
9286
8925
3310
15241
14341
691
4442
3287
1086
1985
4664
9800
9648
10371
1079
5263
12582
13284
3698
8444
4013
8808
9446
8393
13323
9330
14357
12186
5271
8072
1002
12666
13300
2032
15089
10289
6723
2636
7909
8517
14180
1529
1047
5770
5978
3272
14697
10297
1690
5360
1371
14918
5819
5010
6452
7767
9583
3744
3516
9787
7408
12011
9524
15179
111
5326
4573
246
8723
9073
7589
8572
9546
211
3137
1405
15208
10115
13463
13968
10078
3529
15044
9856
13069
14277
7683
559
4692
14744
9454
4714
6837
88
11112
9105
7775
1869
1839
4351
2203
10979
8932
3057
13715
13006
10621
1472
11679
9684
3129
5943
8533
14089
2882
12703
10433
5100
3565
9152
11765
381
7059
11863
8080
2988
5191
1923
5992
11585
2549
13114
11702
10343
5540
4249
11514
3975
5153
539
5574
5502
276
4907
2711
7487
8777
765
13046
5850
10152
6539
3483
3153
14842
2826
887
14909
9120
7917
9255
8669
15003
1094
7128
11249
2150
4914
10007
13229
13268
7811
11694
13727
8264
12745
4474
2535
6473
3660
8525
10993
314
4289
8580
3522
8495
9733
14240
12232
6124
13983
6360
7639
13799
10460
6568
14334
7257
12119
1809
5454
8652
9623
10265
13198
11718
13243
4402
7220
14152
12552
9910
8109
12805
4083
8366
6678
10862
11323
4892
10057
14624
856
4544
3605
3248
2586
2903
749
8032
601
373
6231
7819
10281
10812
13378
6489
12990
5167
11639
10936
2695
10735
14021
987
7631
15035
5283
5288
4938
13700
2251
8327
9423
6093
1993
2727
7386
10967
4335
7722
1203
7274
5715
13480
1349
14673
12744
6862
5111
848
12780
4815
9345
12997
2834
7199
13236
1560
15120
5740
8279
9165
14617
13317
7090
10760
7495
7235
11939
12796
11467
756
6242
8010
2039
2143
8064
12489
14049
4226
12386
14285
6667
10277
7687
13631
9527
8624
9054
4918
2768
10829
13816
2391
11356
1997
1189
11260
9458
1482
8915
10647
15100
11738
4215
4245
9473
13065
10699
3069
6607
8602
11727
9579
13305
6491
14911
12270
10707
9584
6244
2319
15062
6433
11319
10415
11108
10901
13696
860
264
4300
11195
14161
6438
5674
10625
7920
13987
6127
9775
1958
14168
5371
5408
13263
11964
12916
13540
8891
2223
8068
1245
4308
5910
7116
10888
13313
4085
1134
6420
3986
7734
10201
1299
8854
13374
2254
9720
13443
9840
2798
14068
13952
3593
13163
4561
7224
1169
679
12050
5336
10111
6929
3511
9318
12524
8152
11400
12419
3971
235
9084
14256
12141
3367
5132
6708
6966
6696
11116
8499
799
2481
11754
15181
302
369
551
4285
873
1906
6901
8267
14751
8584
2699
3693
11037
14031
14045
6615
14522
4171
8936
13094
6741
2560
10879
7604
10222
1537
2473
10715
1564
7475
512
13047
12399
14499
13179
10269
1716
4740
12337
6378
10923
9208
5179
8454
10994
1556
4992
8950
4151
14323
9922
8439
2405
8105
6661
5679
12482
10517
13532
10486
9711
3685
11341
7160
5790
13979
3979
12538
10444
9085
8491
10134
8351
3375
10808
13654
11268
9688
5251
198
6081
4957
7474
15197
3125
7951
1647
11706
15040
11494
12113
10399
2830
589
1678
7974
4770
14093
3780
14545
5525
11892
12124
3878
2183
3870
13194
5815
15168
7627
11029
1514
1758
13042
14949
10053
1382
760
10178
13994
14362
3702
15268
9338
9000
15093
8664
1910
2175
9655
11124
4926
5854
35
12167
904
2667
13548
5719
14459
13117
11365
10656
11085
7448
7428
6841
13210
2273
1291
6520
11379
11327
3276
12299
1766
4859
14376
12441
6168
8240
9868
13731
2838
5886
6627
7874
2345
11557
5839
4384
9154
4098
2368
3283
14632
99
5939
7529
9482
14922
6137
8875
7635
8609
6209
14069
5272
15131
2161
3093
13222
7028
1882
2138
5148
8973
13937
11659
9034
135
13674
2947
14821
7206
13223
9595
7889
13468
1942
535
10011
7193
13868
12249
12204
3117
13081
3417
8425
789
8735
5586
8632
9192
5163
2691
10347
4976
9251
13553
3049
12964
5879
14507
7815
8299
10293
3885
397
844
1813
14897
4984
6572
4164
10407
10096
4067
7769
7676
13202
1476
294
11281
5734
9952
12432
14606
11479
3957
5256
199
14302
115
7998
4059
6950
8232
13351
286
3180
958
12304
12692
912
12706
11237
14184
6060
8883
2167
9132
14620
9093
5388
2106
12511
2822
8113
6288
13821
2239
5196
6599
11228
11252
6726
13704
2375
8283
8673
14788
3926
14781
10648
7056
2311
561
11055
5779
2539
926
8404
10163
10828
13427
919
4406
9988
107
7708
5774
1609
13904
8291
11078
5551
2722
3566
3811
8225
8521
7792
11761
7283
4872
3794
9280
3146
2130
14828
12926
6426
10501
831
3832
12410
11289
7664
14437
13896
14131
5043
12078
11984
12602
11921
7420
6234
14846
605
1828
5171
2907
4438
326
14648
868
528
580
1493
6650
10969
10850
9729
3164
5636
14218
5050
13945
14294
959
15082
10331
11179
6543
5627
10339
5089
9996
3963
8248
11813
1570
636
12477
13647
8959
9811
784
14775
14738
1881
464
8719
7897
2327
10452
14306
14722
9333
4262
12064
1513
6793
6194
482
14938
8362
2399
6893
8796
2582
7049
318
14192
5917
12095
9728
12854
7693
12411
8323
735
1950
10119
5322
8275
4569
55
92
14868
3029
12594
7086
14176
12684
12887
3434
6851
4269
3608
13562
11632
12265
2083
7100
1453
12007
4532
7137
13139
11578
1401
182
6823
4010
2626
5974
11532
14693
4540
12737
9852
4946
14659
158
15153
7262
6688
9020
1022
10082
8133
4445
15260
14553
2464
242
11456
14795
6144
5140
9930
12991
9767
15160
2336
14960
1014
11333
8453
6356
10940
3617
5831
129
6584
3949
14422
7521
15220
13102
9442
5344
7510
3028
11828
5458
15229
9960
7132
8788
12713
7412
1667
3732
5491
14429
12517
8304
8184
6304
4254
5513
10088
4745
13027
1154
14880
7936
8804
4339
8712
891
9743
14014
8565
11147
4355
11586
7389
4090
9109
8322
3044
6074
5267
15023
520
1231
6293
6215
2753
11310
10586
11357
4828
8529
2602
7701
2122
3416
12241
9431
13911
14059
2885
14265
6909
11433
5806
4755
14569
255
8576
11092
84
10948
10353
7619
6719
6326
9009
6958
13761
629
6749
1989
3188
1703
10429
6512
4777
14123
4328
6412
4696
2262
9062
1525
5000
496
6227
12840
15055
4900
6765
10522
9312
1852
1548
6499
13929
13490
10045
2337
2851
12896
11619
4967
14699
2328
1970
9225
9611
1431
1857
7742
8648
3787
4844
12126
5066
6152
5562
12159
10764
13239
7913
9124
13639
9703
10437
7362
9833
14667
5081
7958
9155
4038
12809
5711
13809
9404
3061
3345
10061
2811
7490
5389
8433
6221
2977
13398
12459
11683
12197
10880
2265
7394
9839
10215
10771
14052
11603
2035
12283
1148
8370
5483
3004
8339
5725
13484
8781
5823
393
695
5114
9752
11643
14977
12983
14415
13296
190
1524
14714
9216
5231
10309
13232
14467
7253
15146
13921
2640
5862
7404
897
5988
1512
8448
2730
3012
4625
8758
1184
777
7537
13853
9372
3404
11211
1207
10723
1927
6801
14451
7105
13327
3649
13057
6558
7609
14760
10755
1727
14108
9619
4390
14480
7178
1337
6734
1805
4398
10184
13735
6757
6181
13784
13147
1283
3306
11187
4002
9298
163
4546
1686
8157
3037
1415
6622
12792
416
2465
10509
8218
521
9884
4704
10989
13247
8513
3772
1579
1655
4836
814
8409
3601
10493
4323
2517
9396
2790
6009
11416
7078
8838
3740
14220
14966
14819
12504
1400
13255
2869
8172
13304
6662
4516
7483
7382
408
3077
15109
2618
5798
6866
13318
10253
5459
8966
12832
2952
4370
2207
7841
3425
13962
1694
1407
12760
5379
4666
3450
3625
14999
3449
6089
12768
3546
6786
2456
7368
3855
5439
6989
13843
4642
2892
13505
14854
10731
13861
504
11548
11929
4718
10601
13110
10739
12361
11991
7840
12638
3718
1919
12721
4143
10915
385
5292
14910
9200
2644
9980
5643
1067
6272
2846
9026
8695
13876
4478
5162
13335
7247
1090
5880
4106
6997
12315
13467
12015
13683
12058
10035
91
2559
10540
13036
13527
1003
3848
1595
8656
10555
12108
3100
14561
15221
3465
9176
572
4880
643
1790
13358
931
4797
10316
13399
9819
1322
6778
1345
2028
6704
334
5666
3901
8943
1423
10142
3260
13789
9148
4620
7148
7376
6188
6578
7928
1501
7294
12388
8773
2139
3503
7651
10578
4459
11746
10871
2660
10896
15077
10017
999
12992
8132
3724
8560
14808
7990
5622
12499
301
3539
13407
14009
12800
10682
942
8592
709
7043
14242
15237
1791
3228
1112
2806
9278
10348
10594
9673
10391
1617
4073
11068
1059
3360
7781
5006
3933
1841
2899
8203
9419
12374
256
10375
2438
11720
12624
14342
11782
9385
2111
3585
15004
1261
12
13570
13795
5475
6839
5410
1045
13521
565
12739
12811
5864
8767
3527
3959
5181
8154
9467
14062
11870
10934
10917
4786
6903
11222
10845
8435
1374
10446
12096
7968
2646
14600
4432
8508
13931
13633
2853
9157
7960
9954
8262
2824
10903
11722
12428
4838
3377
4807
9387
14947
2770
13965
6397
3696
5269
11906
1884
2732
11080
1603
7344
4092
537
11645
14344
3865
379
6653
1225
9283
6710
2620
8806
230
5588
14371
5391
14754
5800
732
545
160
7004
9586
3951
498
3246
681
45
15006
2786
13478
10665
12664
8686
13134
4690
6566
3453
4317
10341
13470
131
5572
7485
12060
14755
10084
15133
6069
6016
7045
3993
357
9300
5301
674
13550
7241
8136
2407
4341
12656
14864
8227
9500
7728
2634
14740
5427
7255
961
3031
6487
993
711
583
15033
11798
2321
3331
9382
13417
12794
14194
8391
10562
14033
7702
8135
875
1952
3119
12052
1239
9284
3480
13165
9289
4960
1479
2505
9529
5212
11423
2569
7180
399
13756
14932
2249
3174
2193
863
1737
12574
13329
7150
3796
8714
4868
5969
5559
12144
11716
4115
7984
8479
5948
1000
6274
3514
10157
5023
8333
1121
14985
2100
6033
10249
13227
5357
4902
13763
12786
176
13181
2124
3750
4400
288
1566
4526
5792
5617
13307
5345
14154
11901
7748
13698
4757
8856
7765
3339
4676
8706
623
5281
8348
3835
3568
12145
14224
5645
8721
7992
8325
13939
3766
8818
3390
8493
5233
4188
9998
1641
1799
9358
6639
4408
7830
2901
10303
4821
8604
5469
9163
3813
14079
4194
762
717
1324
4772
5441
14615
12942
14509
3505
8220
885
7938
2177
1713
4232
7493
10032
7945
8353
11465
3454
4720
11972
6580
1527
14593
9754
10070
11729
12368
5286
6795
2275
4372
5173
9421
14355
12505
12221
6022
4928
13778
1293
7727
1178
14011
10950
2807
11435
6114
10255
1972
8186
7645
2263
14586
8586
6249
12443
1449
8122
14907
4959
6236
2412
9078
906
1672
7378
13966
6290
9429
1628
553
1822
1495
10047
12958
3541
9150
2628
10897
8783
8205
8760
3014
1718
14125
6170
492
14732
3363
1301
666
9305
11986
6514
10773
1619
14823
15262
1503
14117
6601
4440
344
933
8059
1854
2755
15057
13401
914
13737
7118
8398
10781
1114
9340
9475
70
12363
3943
5045
3182
5189
7014
5538
14325
12199
3158
11951
8293
14482
5258
1830
14777
786
352
4850
1729
13823
1247
10580
2145
2015
13437
10310
13096
9769
15001
2554
7249
2313
12723
7391
4846
152
8938
4302
12819
779
11329
9028
11015
2163
6780
2355
7234
4920
2685
8523
4330
8115
9731
9134
8658
11511
10098
9260
6190
4969
8107
8752
11065
6881
244
11040
8775
3347
4861
12994
7285
8744
11806
4601
12731
8378
1484
7187
9621
13059
14208
5927
10279
10203
11335
14762
5546
10925
2305
13249
12376
13196
14645
8798
13592
5460
10385
4271
14040
10524
5205
8037
15064
9126
15239
8023
2490
2871
10217
10458
14913
13287
4264
3651
7817
9087
14283
11692
10557
9460
13204
4018
846
3627
4764
9071
10438
1611
9870
14634
10542
3821
1558
8441
1550
2370
13409
13641
3022
3262
5962
12339
5652
6428
4500
14163
11343
11189
2792
4548
14968
12479
14401
3406
6843
8729
9186
12115
9241
12279
29
607
1394
13234
9734
697
7976
1186
10813
1470
9813
1233
1030
3842
4011
8982
3
11708
11118
10957
10611
4506
10423
4224
506
4239
125
12856
8961
4256
473
7579
14578
11534
5629
14571
3102
6682
11181
8567
14258
6196
6162
8301
5134
12526
969
5083
14899
6817
11125
3520
11023
8466
10709
3427
10271
4061
6759
2201
1217
11374
11587
9713
3603
5955
8554
8885
7794
4357
14149
165
8675
13104
9862
5515
14230
4294
12259
8181
13088
13353
5906
3462
10090
11410
15223
701
13706
5898
11321
6624
870
9761
6690
13602
15206
6999
7384
7592
5477
12640
10194
7469
4513
9233
9939
5485
7571
4936
12331
14629
7396
3206
5002
7785
3895
3278
4364
2519
14770
5609
10349
3918
1534
12803
13112
11270
3001
1745
14701
201
8698
1403
11741
11275
7430
12396
5883
10295
6091
1092
8515
13685
8213
10503
9946
6809
184
7080
1024
14447
12834
11815
51
9366
7499
9398
3595
11031
2813
13173
12130
11894
3548
14461
10838
5324
4075
9854
8790
6122
3923
638
9969
12549
7853
2436
13075
13486
10417
2233
8968
5338
12456
4153
1848
11685
5841
5225
2037
12906
2716
8306
12890
6766
12928
2225
13845
14
2393
3579
5052
9878
7406
10907
2917
9690
808
10658
7771
5580
3079
4287
11776
1069
14250
3052
11197
11613
4578
10431
14824
137
10121
5848
14990
13863
429
5982
9932
4742
13360
7072
2339
12434
192
14222
4310
11937
13618
9050
1285
7606
14364
13587
12401
1596
3857
13791
950
10393
8159
14687
4033
10454
1911
10150
9100
3006
9022
15183
12461
631
9842
2450
1843
6350
12588
94
5246
6698
922
7922
2662
14095
5912
12558
5158
1944
8901
4202
5528
9227
10409
13884
12534
14563
11451
13555
8634
4779
12686
10495
12450
13241
6320
3704
10619
7445
5882
9657
8384
10757
6825
13811
9974
3308
12604
12950
12285
8650
7324
8923
8681
12966
9374
6457
2641
7695
3774
9413
13840
10318
13029
5008
12671
10684
11700
6248
14501
37
14417
10795
13818
6917
4978
4456
15042
5356
2475
5198
11854
8626
6138
7352
4637
7172
11350
4108
12129
7806
1417
2933
1150
9351
10588
2347
13964
3782
2760
2701
10036
14394
6130
12072
12752
9202
7264
8906
13445
3270
977
6358
7226
9210
3238
13663
5871
13565
12519
854
14439
15072
12918
14878
14825
653
11575
1752
7507
14679
8562
3190
14539
2526
11551
3635
8840
14409
8371
737
10144
11381
7621
8070
5127
7051
7843
10511
1768
8234
11291
2108
3323
6333
14516
14951
6099
14453
13870
2740
454
4325
12826
9990
13656
13492
11214
3148
6593
3880
6676
13797
14856
9171
7209
8471
1384
1892
9011
9916
7930
6062
14336
11458
10741
7030
13141
417
11049
10325
1163
8863
1316
5037
5776
12974
12031
9282
3928
4385
4100
5676
7845
5529
13529
5119
14840
4416
5461
6183
7296
468
10025
282
2840
8285
7539
10180
13513
1908
3315
12985
4799
6867
4480
10106
1425
2894
10186
1201
6931
2498
2993
14133
13580
4378
14477
3619
6229
304
4025
11057
9697
14979
1369
9452
5507
14661
10128
893
7461
10942
8411
2654
2597
2861
5029
7899
9675
9705
6450
3687
15111
2217
9893
1409
12169
13833
11087
2724
336
6728
9828
12421
12266
3063
5808
7784
566
13157
8893
8642
2382
2290
3230
3712
9559
4563
3420
8250
13690
11846
14071
11418
11605
7673
8619
7825
13785
7364
9667
599
6560
12872
3532
5492
2030
5745
4608
11490
12243
1277
12633
12753
791
4890
4645
7653
3981
11247
8975
13225
8137
2986
12355
8054
15199
11792
5781
5253
11661
8000
985
13423
2483
8406
14706
6743
5713
11771
15017
6629
2155
4087
6976
13923
13383
3742
754
14493
14547
14016
2467
2848
4591
7438
6509
9433
771
10873
296
12017
6991
13282
13543
7915
14783
109
2879
13083
11481
10076
7037
645
5331
6984
12293
12626
11402
3903
6945
6372
10650
7094
7689
3672
7523
8145
6306
12913
11473
12009
4494
2241
328
13888
4276
13906
8269
1814
387
6895
11784
7587
217
3385
11559
5750
14622
4004
5381
237
5888
5624
14804
5553
10113
5602
4912
2085
15231
3973
4129
6380
5098
6721
13226
6247
9320
1539
1999
13127
1913
5094
2638
2116
3978
10221
11146
7246
10451
4833
12718
3448
14436
10821
6483
5343
3999
11407
10461
3994
15158
6920
14444
6308
3296
3185
8815
4185
2789
14338
5995
9168
10633
3343
10183
6432
2845
12562
10784
4932
10299
13538
9564
254
10592
7649
1500
13774
587
4030
5244
13396
12487
11637
8432
15150
13766
1956
4672
11705
3401
12868
7641
4753
13270
4545
14682
2259
12262
71
14413
12040
990
9371
11426
8786
8957
5186
9540
5535
12290
14666
6024
4291
11144
9440
8845
206
13162
4497
8985
1856
12531
2921
2516
6447
4008
7146
1259
332
1957
1510
15129
14414
2697
2268
8360
2026
12224
8307
2068
97
13101
12312
11242
34
14442
12359
2383
11681
8896
989
106
4037
13851
7837
12254
1198
9873
10260
721
3869
13108
13613
6340
5139
14050
13636
12783
1282
13465
2968
2237
8726
9489
6996
15242
7912
15030
5965
11295
3186
2589
5261
7122
4332
8403
6362
2996
7567
2843
1870
3606
10705
7048
6850
5386
534
9967
4015
2074
5771
1756
14329
6671
11796
7012
14603
5425
14086
13050
10564
13503
7177
11431
1802
7656
1350
6892
3091
15145
14927
14043
14568
6390
9679
3838
8477
4795
13122
10322
6454
10374
10051
9290
6006
12600
6956
10987
14421
13546
2204
9116
1133
6921
11802
12041
7750
307
3883
10101
3846
9237
3060
4028
10500
11818
2309
3140
1466
12963
11265
15069
13915
8552
14322
1826
6973
6303
9082
14574
9817
4072
13432
8019
10638
12719
12774
7145
1740
212
12247
10591
14536
14895
2326
11353
6813
7456
8920
9145
10308
11767
5534
77
9832
8573
3716
10908
12799
5903
2615
6125
5702
2246
8504
3484
10443
12816
13524
5665
9258
8280
11874
12875
5813
1547
13137
8026
3669
11487
8375
4687
3746
10162
12893
1380
13124
10569
2431
13169
278
4599
12660
4369
11339
7788
11787
9395
12468
12807
25
12781
7513
13666
14428
9175
8066
9309
2293
9167
489
12263
11476
14375
14382
2922
1819
8073
15174
13638
13702
1742
10745
8321
5456
7309
10154
14358
677
5757
10526
12183
5026
9532
8230
612
10962
10287
5737
15159
11210
7223
2773
9355
9652
8908
4469
13441
14166
11538
14346
13193
5837
858
10769
10999
6577
7075
2928
14263
7542
7713
5071
10537
14234
11554
578
1429
11695
3217
13860
14138
3524
10067
6466
10820
9714
6261
851
596
1947
10095
13350
9867
14597
2352
9213
11617
13751
634
11399
5490
14552
2735
3692
12321
1542
10803
13496
14860
181
11218
11501
4551
2046
7700
4695
7497
10835
4307
8670
390
14619
14833
9609
12583
2501
12599
2082
3327
11508
9617
8979
9717
8482
9362
15020
4523
2302
2397
3582
7732
1499
11608
3372
1937
12859
2856
6776
8689
11704
7345
10606
5018
10220
2537
6784
11209
10668
3374
8149
2300
6072
4306
13788
11581
6199
9765
541
728
10161
1563
10200
6712
3414
113
7534
1555
4524
3808
2588
1511
2573
3800
14952
14075
1623
2358
6694
6201
6315
5147
980
7299
14286
7054
3344
8150
5432
15266
2374
662
5541
6410
2220
9548
4411
918
3845
8948
12277
7025
6965
1288
720
10381
8793
13220
890
8581
5916
9742
1251
12248
3068
9250
2864
12226
7215
1637
13433
14683
3675
8935
7167
12877
6549
6383
14919
14175
83
4475
1366
5620
2260
6110
4352
3517
13739
12092
13934
2897
2033
14885
2404
14566
8646
5695
5694
729
7582
13237
9481
9618
7869
6460
10856
12867
1940
7083
7260
4498
11122
9803
635
8259
6000
14403
5216
12218
7042
3415
3715
1364
6279
12173
7518
5577
4509
3607
10900
7337
6166
9160
7409
8331
2819
2814
5236
8170
435
12264
10483
5088
2898
13623
12166
7060
3977
6445
1095
1335
3931
12847
5836
10568
9276
13426
11515
8382
4097
2367
13858
4429
3169
14457
7642
6442
10857
14976
10712
8344
1105
8933
11610
6848
1834
4045
8192
8201
8209
4931
9511
8296
11674
14996
11303
7314
10777
12546
3561
3925
309
877
7261
8361
888
10791
11074
3915
12496
10855
5718
13483
1755
11012
10515
4206
7839
13262
13767
12541
4322
13123
13001
10079
13269
2781
10997
10463
692
339
8210
10344
2181
11753
3509
6870
12240
4404
54
11908
14817
13420
10147
3854
5756
13373
15053
10988
4464
2503
13518
5169
2470
7558
1192
6988
550
10945
7848
5363
11882
6557
9883
8459
1166
1132
4581
7154
444
6220
10516
5930
6597
9680
6035
12720
14350
2366
1988
9664
4435
1653
15114
13926
13372
952
7123
12350
12885
4989
13813
11485
13575
14233
7808
12453
1827
3090
738
2937
134
11184
4923
1266
12149
14465
10358
1065
1327
8511
12100
8569
14728
11102
8623
15243
48
9236
8423
12256
9275
3486
8756
9068
10722
10345
166
12516
8330
8835
10208
6347
740
10842
9004
9503
13622
10328
5154
13357
6302
11035
3632
12235
11589
2682
6481
4298
4299
6285
3413
2135
2983
9670
1487
1546
2365
9949
13781
8881
12839
13977
6446
5265
14653
11883
293
5765
8919
9410
7168
14128
7011
3801
12523
11227
1710
14383
3282
13599
11934
4879
11259
6135
1243
8005
13677
12394
694
2762
8274
2616
15209
6143
15107
2905
9818
4043
8724
6052
13882
9190
6703
9061
10274
8369
5773
8104
9488
14943
299
1376
415
12510
13035
14391
1974
445
2666
13099
4750
2672
10266
2624
3793
12727
13711
4337
7214
2820
5764
11696
2557
5155
12426
13678
9348
8718
9416
14944
12084
9773
12189
3510
13364
8551
1158
12758
7286
5859
14339
14174
2914
12571
9191
12637
6159
8672
7121
11279
9912
14612
14498
11
13768
15257
4251
7427
5404
12164
1646
8178
3786
776
6453
7515
10323
12101
4344
1541
8637
9593
10275
8749
15265
14676
1741
8272
3202
4124
849
10577
4990
8778
1048
220
11272
12372
167
916
13703
8711
2536
7481
8747
1126
5829
5542
6490
14544
12630
14584
9106
4594
6878
463
6792
2136
5168
12464
9951
11286
7269
8570
5830
3643
9264
9019
6863
7601
12789
3611
15135
10600
2104
6569
9197
2128
12767
2062
197
6829
9766
14991
1492
4184
6399
7245
10059
13605
6008
14729
13936
603
5590
14773
6475
3234
11803
10826
7574
10807
1183
12682
6702
5382
9958
903
12091
11998
12608
966
3731
10669
13397
3084
8200
10753
12309
5489
10841
9369
9928
10389
6582
806
7085
14969
1298
763
1452
4944
15099
10478
13807
9547
7838
12643
6680
13593
10530
7514
11851
14861
8356
9608
4560
3373
5334
401
12435
12919
14504
7527
641
7231
5249
3194
9153
8462
9695
1147
5812
1033
4702
2930
828
10877
13231
5260
13614
3569
1153
11570
14497
5523
7761
14472
8118
436
10199
3877
9556
14314
10450
7956
1043
11593
10214
11928
503
6467
6316
6979
7069
12436
15259
9047
533
1204
2829
11477
8312
8828
5591
7359
7114
10721
9694
12814
14254
4
8141
9610
6620
4915
11891
6849
2494
7584
9464
4252
9632
12615
5073
13008
2827
10918
10686
2876
3275
10608
13687
1978
3875
8099
2120
6141
6927
12194
4592
7419
14903
12069
9781
13209
743
13547
12537
9774
640
6036
13942
5664
2050
2424
1949
5868
2230
1168
8993
10836
11185
6725
13293
14488
6173
12553
10346
11562
8282
13539
13598
12689
13629
42
4227
6812
12049
6418
12056
714
11942
7202
10848
12736
1585
14310
10531
8062
1748
1562
13985
1344
9701
7634
7706
384
6051
8958
7943
2680
8089
12195
8965
13826
4492
3139
279
14582
4468
13450
2180
26
2160
13064
2868
2098
6325
11897
6526
2658
14300
11530
2441
1319
13302
8785
9708
1296
3684
805
9130
2103
348
13919
13753
6571
15175
7799
8608
9166
2119
476
9534
3753
10622
12569
14807
3501
3122
9346
12622
13773
6614
619
11364
11875
12269
4826
4794
10806
2696
4412
941
2129
9129
13993
685
3962
8033
4568
5696
15187
12894
11176
11243
798
7935
12027
3163
11948
5177
12485
4804
10139
6369
7894
12797
6409
12491
7699
14390
4483
4022
10315
2019
9625
4014
878
122
7707
2324
6775
7595
1213
340
5570
13365
2147
15039
939
11594
8289
11236
14129
10761
10267
1584
14698
6814
4338
3319
3132
4051
9102
3201
14037
14505
9700
8131
9616
14122
577
13984
9435
1342
11347
14519
8519
10876
5710
9060
9472
6935
6525
14002
12463
4140
3403
9965
10044
11583
2599
13025
12351
12225
475
6066
8416
13464
9083
3614
1963
5041
2020
361
4598
12028
11768
4701
15218
7698
2286
6754
3243
3203
12860
6820
7425
9793
1182
9810
10583
13207
12047
6363
11169
11378
3352
12416
14189
11919
9785
6914
12006
2012
8867
1397
8447
9361
2005
9131
1645
8101
1994
2632
13146
6598
5369
5217
13992
4491
12005
5465
11061
10894
11251
14559
5566
6511
1666
2712
4529
10198
10010
9024
15195
8688
13138
12748
4029
6384
9198
383
6605
10485
13034
9476
277
793
670
902
7183
3700
9929
15106
6756
11730
10514
7798
12085
935
1608
10388
3019
14737
41
1359
7140
12644
14485
9709
4731
13535
4908
13720
2509
12188
7293
6739
5689
2027
7988
594
12042
9604
5123
6200
10103
10330
12704
4538
72
12379
12475
8388
14280
9671
5209
6028
10390
2453
1912
14146
8589
4413
12554
14688
7276
5569
663
10313
10141
6355
7006
6030
10476
11244
6430
3551
12157
1700
14736
11723
5922
739
271
12319
11026
7131
1258
13080
14531
4909
14774
9710
11810
3769
2502
8755
2318
9569
11438
7068
6095
509
6058
6885
4290
15235
4132
10292
8246
9146
10931
6871
3976
10414
4095
10365
11461
11186
7236
13208
6339
8814
6133
3178
7820
5804
3258
14802
2173
14558
14474
13837
2236
5327
3235
13569
14520
11090
9750
2720
5923
10207
7034
14191
12282
9672
140
14914
2643
4739
6762
1569
450
5784
2461
9393
3699
18
10678
2214
5550
973
12697
1624
8148
3948
4582
11105
2803
6073
4650
6233
8319
11077
1389
8505
3523
12455
1979
11545
11167
4198
2344
11346
7433
4197
14099
14183
8290
11963
7360
10133
14248
2495
12902
1430
7526
2063
3195
13759
8889
12492
2090
14589
3303
6455
9173
8880
783
1205
7684
2455
7130
4648
7091
13009
1229
11927
11650
10235
8166
2566
14066
214
4510
8367
5690
12203
261
3771
3055
9316
11160
12652
549
13071
6094
7754
1436
5457
7965
15227
3154
8346
12068
12454
6685
5914
13348
982
1422
11234
1765
2594
11414
11036
7375
7807
10527
8027
196
13525
4126
8971
12623
7426
3381
15021
13161
10843
3691
10314
11546
6687
5056
7053
13950
2166
14216
857
12970
1390
2580
4333
10706
4694
13740
10720
11635
11827
8582
2042
9230
9379
14521
6180
14347
5223
8600
13668
10473
121
8913
15008
3241
9919
9448
5743
10507
14107
9737
5027
12945
5113
14957
13489
12515
586
2486
10868
14787
14367
3350
2271
10598
2267
5867
10352
1490
8237
8119
3431
13024
15007
240
2998
2544
10148
5783
2301
4955
13000
10685
3392
3225
14691
10738
7949
9927
12876
13607
6134
1683
8497
14076
13153
9979
3162
6254
3351
7972
8176
3754
7625
3985
6556
12202
2479
12987
316
2174
13504
6354
8794
9081
830
2398
3840
12424
7987
2114
5985
2067
7963
6527
324
14874
1304
13051
7417
5203
9971
3273
11392
8239
10038
2538
15137
2447
12425
2294
11602
2206
742
14217
155
13935
112
7536
7190
2601
4376
354
934
10131
7471
10662
7821
14427
14199
4818
3938
14215
11107
8543
1088
1273
12328
1810
1222
7849
4566
7903
4149
7911
1421
7435
6763
7502
13918
14954
11470
6632
12815
2373
3729
14720
14205
8034
61
9138
9174
6570
15092
8764
2212
2213
10060
11154
3493
8770
14001
3265
292
2957
8888
2920
11861
13794
2041
8655
168
11355
2976
1675
9881
3233
12651
3304
6277
6174
3218
540
12275
11531
7996
8216
9826
10001
2454
2706
7797
12417
1019
13867
13667
13271
7822
1521
7971
11073
10087
843
8498
704
4360
5495
3026
6604
8298
12343
3067
12924
3130
3932
9943
3825
9557
2551
10909
11397
7110
4103
3312
13659
14351
5184
15143
6165
7327
6913
12775
11656
9977
7018
13341
1803
14287
13679
12137
7919
3393
12034
104
7755
11898
11004
7005
6517
4983
2253
204
3274
1212
11680
120
5946
14496
11448
1118
7346
323
2736
15060
579
13824
2775
2351
4368
10182
7099
14759
4214
12636
10913
13349
12954
7980
9101
1250
822
2342
8614
14022
12577
2884
11225
2007
10624
9851
8821
981
5482
8542
13972
2863
5243
13719
1636
3646
12947
9626
4723
10525
1457
972
2945
10744
12884
5821
8458
8081
12209
14902
3571
10212
308
4044
8401
4903
10921
3907
2333
1414
13497
227
8740
205
6345
8169
5178
6891
13615
13482
13386
9651
5005
5312
11377
12675
9758
2524
14551
10754
14785
10420
13176
2975
2285
1788
13288
13874
14635
10886
480
3027
4511
6088
367
13895
6111
13056
3124
1825
10584
6504
9570
1007
105
14535
936
1975
6461
8457
1334
189
7724
11664
3534
4452
4305
13033
5284
686
13413
11325
4825
8662
10307
4125
7061
14484
10306
7307
8422
6658
4142
3358
11250
9231
11909
291
951
422
7328
11590
3151
8574
8520
10237
12667
488
11703
2308
3677
5993
10177
4916
7155
225
9005
12297
253
956
2862
2804
10939
8238
4261
173
4802
2040
11153
421
3533
12184
432
8803
3098
11266
5146
6506
4078
2316
5020
7926
12107
7442
4657
14019
3123
2151
4354
6403
10300
2359
14085
4945
4575
9746
6542
5648
12798
12591
3018
10337
1691
11719
1835
5889
5112
8568
9074
11446
3053
14513
5438
6646
12151
9331
6271
11208
3970
6086
11687
2425
2956
15188
6673
9390
13253
1665
8472
7789
10093
1358
4428
1917
4001
3138
15116
12584
3366
4939
10593
11947
9103
6297
9935
4583
797
11440
4284
13440
11113
2906
4605
1159
14181
14982
10714
406
6309
11850
11011
804
5503
3083
3552
5297
4817
7434
11789
7109
3295
10441
4192
5630
5377
3860
4567
5846
12609
2006
2581
3968
11849
12440
3737
14579
4680
6791
3476
14970
13695
678
9487
11962
11052
7650
7399
11864
5040
3447
9207
3334
10575
12393
5902
13355
333
2631
8661
10426
13745
8067
8161
4421
15067
15267
13310
9498
8795
6716
9633
13279
5413
11865
10042
3717
11362
10285
11697
12298
402
10998
4191
188
13131
12387
10616
2689
12083
14328
4118
14641
1021
3011
8355
11600
2891
12757
11161
820
8631
974
3598
4071
5362
6301
14008
1987
4113
13324
7550
6890
11507
1117
10792
1553
14851
1594
9323
4816
8337
4641
9325
9824
5958
10236
5215
11688
7648
11990
3430
620
13920
8956
11044
8616
766
8373
14684
13526
14407
6731
12683
9780
14894
10697
14389
3647
4933
3459
12320
7308
14106
7098
1352
1531
1049
8914
10477
8463
588
2874
13584
349
10102
11547
3747
14958
11194
12448
187
11278
5890
5445
13815
14227
12075
3494
1274
6317
3544
10746
8188
5395
5496
8042
6
8757
14859
13559
3288
9107
7614
10655
1473
1864
7287
6361
2493
2815
4058
5814
14278
9519
7733
2564
8424
10689
1845
8591
11482
4229
9686
10456
14272
12216
10758
14130
12446
3599
8189
4673
1498
14832
5012
4158
8273
6377
11732
14896
9907
13694
7692
5971
8710
8829
4530
5772
1193
13325
7995
7457
13170
12462
15211
15029
13091
10412
6498
3311
10870
5556
4451
6353
9788
3831
2182
4975
15122
12373
13321
2146
8678
10002
7184
4858
11053
12790
11002
2690
4716
5672
13510
6118
4894
13434
9018
14875
610
5766
10730
11959
10086
317
6474
4104
14550
3380
12476
13660
4537
10645
13130
6606
2049
9092
13244
5576
4630
5230
4066
13414
3939
14466
6856
4331
4780
14998
9866
14190
1194
8882
9324
8949
6713
3955
3219
9505
5403
8964
7768
11114
8051
4576
8638
4754
7950
2550
8003
148
15121
5192
15151
6899
8311
4552
10321
6746
1321
12901
10887
5194
8787
8431
11949
13333
9222
9587
2448
5276
7904
11317
6764
1577
10175
9957
3575
6441
1406
6425
1437
12313
11318
12669
5717
3502
6747
5064
4133
6533
6431
5647
1702
9589
997
6375
14150
60
8717
4760
2325
2904
1964
13457
3792
11983
4177
2816
9741
9727
382
10980
8528
2221
11843
7466
262
10785
5352
6949
3701
4346
13814
14137
89
2844
7544
10946
2890
1719
12711
6287
4007
11941
15014
2060
4681
6400
1897
1936
9563
6550
3592
1914
13710
10245
10847
9123
5682
11819
12403
3940
5412
9605
7602
2222
11926
11034
2744
11666
13973
5299
1962
8725
2793
6087
7472
10080
5909
4219
3025
11649
9950
4852
15013
7617
11454
6955
14780
2625
1160
4925
4105
14018
3458
2148
11758
8890
2531
7896
12048
12070
5657
6800
14420
8748
14204
12490
7010
8742
5853
15085
7147
8991
5937
3439
8111
1066
12013
14443
5319
6563
7367
13836
14611
10276
759
9456
461
11564
13825
8851
14794
1474
1220
5131
2244
8837
13016
1812
10268
9091
12920
10132
8647
4905
8811
3335
12469
2608
8822
15115
6981
10406
4851
8583
3114
5378
4761
3755
11636
11537
11665
5124
14543
8288
1412
13107
542
6334
11413
12995
13752
13928
1554
14651
12705
1781
9562
1391
10654
285
5649
12498
10066
9139
12823
11779
3075
4693
1796
4559
4499
247
14748
3591
703
4965
1111
14844
1028
2552
5474
8934
13517
3474
3839
8231
14534
12076
13154
14473
9296
14198
9441
9039
6883
7451
6323
15098
1895
5782
10763
5048
9277
14489
7067
876
12628
11028
1281
9653
14345
10290
374
744
618
14435
5423
3584
5176
7418
3648
12831
15252
3289
867
8297
7813
14721
7354
10885
9215
14708
1840
12903
10546
1006
5464
10117
12946
11834
11046
7596
3583
5986
12712
12308
12910
11556
10554
10614
7026
6995
14707
12023
4732
12674
3074
9911
5472
5042
3898
3779
12545
4321
10955
4640
7033
8802
7858
3817
8061
9265
13238
9032
11626
12409
2115
5416
6186
5741
11439
13412
3251
5096
3616
14719
9310
12196
3402
1467
14160
6821
4096
11084
11447
11371
6102
5063
775
6783
15028
13246
10052
15076
628
9470
3847
8217
3984
8265
9341
13560
14067
4000
5612
4709
73
1280
11955
10118
11523
5895
2783
1948
6695
1465
8844
7007
12953
11759
5034
9920
7213
8941
7381
14786
4843
14767
8874
4710
2419
1871
15144
13178
4981
12977
12024
4221
9354
2420
10168
1935
10547
1491
10661
8090
14665
9417
3553
13062
9263
4297
2011
988
3257
5057
3242
9114
4353
6980
6636
1360
4374
10770
15194
10729
811
13556
3683
7857
5660
9555
3320
8607
9115
12210
1903
11571
8260
12653
9795
10396
656
24
5342
3630
12063
14853
5193
1779
1329
8130
269
1428
595
14120
12360
7288
2127
9794
9825
671
7353
213
3615
5411
11682
13595
11618
10380
6701
6621
6613
3809
1530
8942
901
13041
2514
11737
13951
13802
12326
8496
8112
3642
1764
1734
12077
15091
1486
3193
560
15251
15090
375
14114
5368
9090
4784
964
7669
7301
13978
10286
4141
12447
3382
13729
7520
10028
6104
5838
12846
6519
4574
2558
12239
487
14749
14992
14974
4853
14397
9518
7925
11062
3318
15152
10427
14368
15037
8590
14029
7778
14709
9937
9993
11760
11981
1708
8810
8359
3868
11406
4613
5972
2034
6865
909
13653
13760
1625
9802
6007
1181
4277
11072
12381
13728
4885
11129
925
15086
14692
8615
11121
5860
4811
9424
12962
9736
6717
6518
10050
570
13261
7387
5708
11294
11083
11324
8801
4634
4633
7705
14374
8313
15234
13848
7464
6296
7997
221
6061
12471
11117
9185
5667
5832
1853
6387
11905
3021
3802
10916
5074
9753
7605
15032
9506
4047
3639
12557
10906
3038
976
6305
2799
6852
14408
14984
13428
11541
10089
1602
8449
9397
12322
10693
614
12825
183
12802
4901
7747
3062
5940
6319
6434
8347
6470
8876
3864
11596
5097
11503
4547
7295
7310
10502
1143
11238
7071
573
12190
6311
6675
4348
4675
11791
12271
3562
4947
5476
5257
3451
2886
7511
6289
10422
11246
15016
10571
6021
14881
10254
8561
11380
5637
13140
824
9961
13485
3419
8824
6842
14438
3757
11814
6902
10270
11442
9900
1284
2248
6831
13810
1836
1632
8759
8069
3237
13887
4187
11620
4881
12912
1618
4911
13352
637
3314
12346
2839
700
9997
6681
12008
13528
8363
5651
1648
2406
2281
2411
6787
4415
12021
1097
9730
3189
13624
9643
2723
124
6521
10788
7437
6427
13988
5840
6536
9001
10587
3110
8173
12220
7271
8507
1704
2304
11869
3261
2053
5911
3531
4505
1246
606
6439
9474
7770
4371
5887
1571
3346
13655
12603
4128
15205
14515
5280
4003
9021
913
14400
10453
13930
9790
3679
10278
3397
4329
4231
12205
9931
3781
2759
5968
12030
4080
5372
453
13286
10324
2168
9834
6182
14931
151
14912
14266
13020
14162
6802
1149
9721
6720
8485
14776
6210
12855
8405
2978
12043
5799
10657
10283
13844
2985
14809
2054
11684
3405
10054
2611
7688
9704
2112
8440
5188
7578
12160
5918
2058
4099
14148
12478
522
12420
8397
9620
8649
10127
12655
8538
10018
11699
10083
2232
10716
3461
11971
3213
14249
4068
581
13211
3384
8058
14243
10294
3972
630
6727
11965
7279
7914
785
7087
5961
2439
8713
5592
9536
5947
3618
4086
6873
563
229
12611
10164
4255
696
2457
5484
6449
9244
12059
5419
13256
4455
11612
6153
8987
9110
13314
1920
9149
12617
11386
9381
1361
4460
14295
12460
9428
12525
7591
12871
673
13058
6983
12777
13265
10400
2504
13281
6894
9915
6859
944
10120
5563
3504
2338
2518
14829
13905
7217
3362
9585
257
11269
4660
13375
6513
7194
14416
7429
7101
7003
2575
10465
1829
3330
13980
9805
10561
10097
13689
8929
9313
8261
13048
7538
1891
14649
12670
9953
1091
5044
3284
12957
8500
1292
4577
8097
11290
1432
2924
2003
3917
9861
1323
15041
10822
6910
13762
9466
10724
15139
7644
6616
2831
8766
7161
11859
1224
3147
4849
1502
5036
13264
13869
10179
9267
12833
1951
13126
9319
3922
14370
3070
13716
2754
7338
3894
3519
10675
4060
11676
15125
14200
273
7377
1982
3871
10185
5117
4968
874
8417
14607
15110
7546
6129
1262
3788
6106
11797
2731
10970
3118
14782
9035
7610
12278
5211
4873
582
7757
12973
5172
5506
6959
1308
10012
13180
1696
13617
4120
9117
9459
6222
598
920
14061
14324
15083
3741
9573
8180
3634
8340
236
11489
3586
11056
892
12362
2619
164
12714
13953
11253
11533
4590
7620
992
7967
3555
11022
862
12433
44
9528
8944
4697
10864
7672
7709
13817
5697
8053
3827
2878
9483
10510
1526
8789
10354
5150
191
1899
356
5252
4562
9373
7405
4053
14621
10457
13390
15238
12051
6628
11030
13506
9492
10837
932
13832
4958
11526
428
10956
10976
11837
265
14102
13460
4309
7225
13769
949
12965
6203
8036
11373
1744
3958
13938
8610
12647
9386
14274
327
13469
3671
5545
861
6998
10949
4173
3086
12565
8045
3902
5219
5855
7492
3013
14570
4889
130
7449
2700
8960
5007
14678
2184
1416
7824
2684
8434
10844
12769
14670
6758
8410
7999
9055
5141
10964
7050
11196
8268
10990
14010
3964
1135
4615
5680
2497
6735
14393
2953
3051
8114
4798
7363
11401
64
14430
4286
14739
10851
2036
12722
14989
6579
3765
12127
159
6002
8967
1331
3909
4439
9973
9596
5440
8674
8121
14898
11213
8870
11566
7816
8720
12927
8685
303
5232
12663
11783
11992
2645
7079
9049
3142
2583
5180
5390
4238
11366
6990
4024
12810
5001
4621
2449
9656
9812
7468
10732
14193
4927
753
11188
3513
13172
11853
13273
12949
12889
12905
14316
7952
13
14705
9869
10004
2769
466
11977
11885
11342
15230
10683
2823
6975
12175
7959
12229
4423
2948
14177
3496
5028
12427
116
4363
6485
3512
208
2785
13883
1751
12483
3665
6951
13043
1767
9162
9612
12639
15132
5401
14554
8014
10361
10881
15117
5658
845
56
7983
8577
7331
343
14153
7254
7764
1866
12000
6486
14731
3245
10024
14599
9218
2320
11480
8196
5897
7013
3879
11163
9768
10630
14978
1393
7093
10069
11148
7865
14229
2029
13697
14032
8831
9070
884
7343
4711
6098
12548
6742
14628
1943
1858
4837
8226
11985
14004
1783
9077
12449
7302
5051
3695
12412
4985
5780
14877
13839
2144
8900
13195
14961
5726
3376
807
658
7829
4340
143
3389
11079
1276
8665
4554
11282
9841
4391
13877
4301
2381
8106
2964
3221
11822
1712
11180
13319
14307
3812
2971
13922
5579
13790
13854
4533
7554
2489
7021
1200
1610
6709
12738
11877
770
13011
665
2940
12677
8566
1728
1990
8007
6477
1806
2123
11707
10317
10105
6600
8153
10649
440
4223
8219
6228
13662
13156
3849
14385
13248
5954
4940
8332
7460
778
3134
5537
4919
10830
2916
7413
14423
12751
9259
3045
11334
11156
10416
7476
6930
14185
10700
11922
8212
11131
9304
5558
136
4741
14343
1874
14950
12941
11422
2140
6379
8597
8657
2427
4820
4867
1792
7658
5552
14585
9177
12595
2852
3229
11644
10262
622
3307
6508
4493
6113
9232
5816
14039
1368
7898
10518
13103
12087
14377
6794
12442
5623
898
1775
15154
12625
1083
14660
4091
13586
6779
6816
14257
6592
2192
9099
10193
6923
644
10332
1004
2014
552
3253
6697
4032
11221
1015
4896
11457
2099
13203
9989
5932
7044
14331
11093
2162
287
13367
13306
93
2200
3000
4486
1640
13571
5308
6663
3942
13095
3927
14289
11070
13297
8077
8390
11691
8974
4193
6944
3298
11628
5601
11550
5775
14508
14053
6529
1338
1565
2715
7029
9193
1515
7677
8618
7882
7263
14221
14363
13755
409
10075
7063
15169
14686
8892
8546
79
8300
2289
12330
6413
6609
14078
12587
4407
11950
2510
832
12533
6936
8797
6689
2392
13149
7506
11668
11579
12539
1549
7149
7782
4771
4377
3856
9877
10799
497
11409
11358
9288
9334
11747
9226
6020
5807
8751
5847
3291
13520
11893
8241
12984
10430
10765
3181
2692
12305
13736
1373
5014
1717
5355
10549
13074
8585
13400
6032
1759
8233
12818
9712
8134
3578
10933
10809
731
15222
5245
7875
13684
11064
11518
6082
3157
13579
13542
10533
2022
4977
319
9443
7562
4431
7793
11495
12152
8805
5720
2661
4682
4860
513
1557
6265
9499
1533
13336
6349
8817
7323
12880
472
11740
1383
370
14592
12065
10046
14906
11715
8478
9945
15176
11900
15005
9010
12036
5022
3609
14468
9156
13344
7395
13233
21
13862
4626
12793
8092
12114
85
13187
7179
